./find 42 < numbers.txt10888
55592
28783
51812
38646
20207
34732
20009
43431
23672
58877
50235
39105
60679
45690
53634
5277
23065
1493
45159
36183
3936
55852
11540
47363
9263
49823
50087
3376
5267
6910
12440
101
37150
57791
2758
11334
41962
45801
44629
23657
53143
53302
46433
23006
64028
60752
64030
52522
54775
44348
2933
59728
32775
43990
41927
6074
25695
21040
65413
32633
26614
627
30942
51220
19776
50842
1369
47519
20044
14406
46041
34531
48197
56912
5006
25589
58016
33218
8469
8429
32725
46851
31885
32516
28315
62494
60486
56074
60824
27080
39312
9382
43062
34111
47936
21235
54967
35922
6354
